D=4;
n=[2 6 1 9];
N=50;
d=[2 2 2 1 2 3 4 3 2 2 4 3 1 2 4 4 1 4 3 4 1 2 3 1 1 2 4 3 4 4 2 2 4 1 1 3 4 4 4 1 3 2 3 4 2 1 4 2 4 4];
m = [
  [1.00 0.97 0.22 0.44 0.81 0.46 0.34 0.76 0.73 0.99 0.40 1.00 0.37 0.49 0.41 0.28 0.57 0.96 0.20 0.43 0.73 0.19 0.72 0.92 0.82 0.63 0.90 0.43 0.22 0.24 0.61 0.45 0.69 0.90 0.72 0.24 0.38 0.73 0.63 0.48 0.93 0.39 0.28 0.56 0.13 0.22 0.09 0.11 0.89 0.30]
  [0.97 1.00 0.33 0.61 0.19 1.00 0.61 0.38 0.64 0.95 0.58 0.59 0.96 0.11 0.23 0.04 0.50 0.23 0.61 0.66 0.04 0.12 0.21 0.25 0.59 0.77 0.95 0.16 0.36 0.07 0.67 0.56 0.31 0.75 0.02 0.40 0.63 0.53 0.40 0.41 0.22 0.52 0.25 0.04 0.50 0.57 0.33 0.97 0.99 0.67]
  [0.22 0.33 1.00 0.57 0.33 0.54 0.71 0.16 0.63 0.13 0.35 0.86 0.66 0.16 0.48 0.17 0.48 0.69 0.19 0.65 0.07 1.00 0.64 0.76 0.48 0.96 0.79 0.48 0.44 0.12 0.13 0.85 0.77 0.40 0.28 0.49 0.70 0.53 0.71 0.10 0.95 0.92 0.58 0.82 0.30 0.54 0.79 0.49 0.27 0.81]
  [0.44 0.61 0.57 1.00 0.22 0.42 0.14 0.54 0.84 0.61 0.81 0.28 0.09 0.87 0.12 0.64 0.68 0.10 0.68 0.01 0.69 0.23 0.58 0.63 0.86 0.97 0.27 0.32 0.71 0.51 0.44 0.52 0.58 0.50 0.89 0.63 0.33 0.46 0.96 0.23 0.02 0.05 0.23 0.22 0.57 0.56 0.66 0.82 0.73 0.60]
  [0.81 0.19 0.33 0.22 1.00 0.54 0.29 0.16 0.46 0.59 0.83 0.23 0.85 0.15 0.16 0.44 0.37 0.87 0.80 0.47 0.21 0.80 0.71 0.32 0.21 0.85 0.09 0.26 0.82 0.25 0.34 0.10 0.08 0.08 0.61 0.46 0.58 0.57 0.12 0.94 0.50 0.10 0.59 0.83 0.24 0.38 0.31 0.40 0.99 0.33]
  [0.46 1.00 0.54 0.42 0.54 1.00 0.21 0.07 0.97 0.48 0.51 0.90 0.44 0.49 0.45 0.59 0.47 0.10 0.44 0.93 0.71 0.44 0.49 0.88 0.54 0.02 0.23 0.52 0.01 0.57 0.59 0.43 0.60 0.23 0.34 0.76 0.75 0.83 0.44 0.31 0.39 0.21 0.74 0.71 0.99 0.52 0.13 0.51 0.96 0.20]
  [0.34 0.61 0.71 0.14 0.29 0.21 1.00 0.49 0.03 0.97 0.88 0.74 0.23 0.90 0.72 0.17 0.83 0.65 0.09 0.26 0.60 0.93 0.39 0.94 0.63 0.97 0.56 0.58 0.83 0.76 0.71 0.50 0.51 0.78 0.37 0.40 0.20 0.44 0.49 0.44 0.82 0.92 0.70 0.71 0.56 0.72 0.24 0.16 0.02 0.37]
  [0.76 0.38 0.16 0.54 0.16 0.07 0.49 1.00 0.35 0.64 0.16 0.01 0.81 0.97 0.98 0.95 0.42 0.67 0.75 0.64 0.87 0.56 0.30 0.71 0.91 0.46 0.29 0.70 0.13 0.56 0.66 0.89 0.31 0.80 0.88 0.38 0.37 0.32 0.05 0.84 0.06 0.78 0.17 0.54 0.33 0.89 0.82 0.01 0.07 0.42]
  [0.73 0.64 0.63 0.84 0.46 0.97 0.03 0.35 1.00 0.64 0.63 0.28 0.04 0.37 0.28 0.49 0.29 0.00 0.05 0.19 0.18 0.61 0.66 0.90 0.32 0.71 0.46 0.45 0.94 0.99 0.42 0.57 0.30 0.37 0.95 0.51 0.89 0.27 0.79 0.41 0.69 0.26 0.62 0.83 0.03 0.38 0.25 0.76 0.88 0.60]
  [0.99 0.95 0.13 0.61 0.59 0.48 0.97 0.64 0.64 1.00 0.79 0.94 0.63 0.83 0.83 0.25 0.39 0.97 0.62 0.17 0.73 0.63 0.71 0.18 0.27 0.42 0.31 0.54 0.95 0.37 0.10 0.06 0.53 0.76 0.07 0.45 0.99 0.60 0.47 0.05 0.47 0.72 0.98 0.02 0.08 0.80 0.35 0.04 0.95 0.72]
  [0.40 0.58 0.35 0.81 0.83 0.51 0.88 0.16 0.63 0.79 1.00 0.08 0.08 0.93 0.68 0.95 0.87 0.71 0.42 0.94 0.54 0.20 0.25 0.97 0.65 0.76 0.52 0.85 0.85 0.65 0.03 0.95 0.93 0.91 0.66 0.03 0.11 0.40 0.49 0.95 0.16 0.38 0.49 0.12 0.40 0.35 0.84 0.10 0.58 0.39]
  [1.00 0.59 0.86 0.28 0.23 0.90 0.74 0.01 0.28 0.94 0.08 1.00 0.29 0.54 0.49 0.87 0.67 0.39 0.82 0.50 0.19 0.09 0.22 0.16 0.22 0.95 0.43 0.49 0.60 0.46 0.53 0.14 0.76 0.53 0.93 0.77 0.14 0.60 0.60 0.26 0.78 0.07 0.10 0.30 0.92 0.36 0.04 0.69 0.50 0.28]
  [0.37 0.96 0.66 0.09 0.85 0.44 0.23 0.81 0.04 0.63 0.08 0.29 1.00 0.33 0.14 0.00 0.99 1.00 0.99 1.00 0.32 0.82 0.25 0.13 0.30 0.35 0.17 0.10 0.09 0.22 0.72 0.22 0.11 0.18 0.35 0.03 0.67 0.50 0.76 0.08 0.64 0.77 0.36 0.02 0.55 0.90 0.64 0.41 0.01 0.97]
  [0.49 0.11 0.16 0.87 0.15 0.49 0.90 0.97 0.37 0.83 0.93 0.54 0.33 1.00 0.35 0.21 0.37 0.23 0.56 0.61 0.80 0.78 0.82 0.31 0.66 0.39 0.84 0.32 0.08 0.85 0.40 0.22 0.37 0.90 0.96 0.66 0.83 0.38 0.72 0.92 0.94 0.61 0.79 0.50 0.31 0.82 0.13 0.71 0.70 0.02]
  [0.41 0.23 0.48 0.12 0.16 0.45 0.72 0.98 0.28 0.83 0.68 0.49 0.14 0.35 1.00 0.73 0.38 0.89 0.77 0.76 0.62 0.19 0.24 0.38 0.39 0.37 0.67 0.03 0.16 0.35 0.83 0.79 0.98 0.73 0.98 0.68 0.51 0.71 0.93 0.85 0.95 0.30 0.10 0.86 0.76 0.06 0.80 0.01 0.03 0.12]
  [0.28 0.04 0.17 0.64 0.44 0.59 0.17 0.95 0.49 0.25 0.95 0.87 0.00 0.21 0.73 1.00 0.51 0.15 0.05 0.12 0.11 0.90 0.49 0.40 0.98 0.07 0.14 0.48 0.39 0.75 0.66 0.53 0.23 0.38 0.46 0.42 0.62 0.83 0.99 0.39 0.40 0.99 0.21 0.57 0.00 0.22 0.74 0.67 0.36 0.63]
  [0.57 0.50 0.48 0.68 0.37 0.47 0.83 0.42 0.29 0.39 0.87 0.67 0.99 0.37 0.38 0.51 1.00 0.93 0.38 0.90 0.30 0.89 0.31 0.24 0.93 0.18 0.34 0.65 0.46 0.40 0.58 0.22 0.76 0.73 0.20 0.26 0.33 0.27 0.56 0.70 0.37 0.75 0.88 0.56 0.07 0.02 0.25 0.02 0.85 0.55]
  [0.96 0.23 0.69 0.10 0.87 0.10 0.65 0.67 0.00 0.97 0.71 0.39 1.00 0.23 0.89 0.15 0.93 1.00 0.78 0.23 0.64 0.76 0.24 0.46 0.09 0.55 0.86 0.84 0.86 0.52 0.62 0.05 0.23 0.73 0.29 0.98 0.72 0.02 0.67 0.64 0.51 0.56 0.10 0.89 0.47 0.73 0.09 0.78 0.17 0.60]
  [0.20 0.61 0.19 0.68 0.80 0.44 0.09 0.75 0.05 0.62 0.42 0.82 0.99 0.56 0.77 0.05 0.38 0.78 1.00 0.50 0.57 0.81 0.14 0.51 0.93 0.75 0.13 0.03 0.83 0.55 0.16 0.27 0.96 0.72 0.03 0.55 0.96 0.05 0.15 0.83 0.23 0.03 0.22 0.24 0.69 0.99 0.04 0.43 0.76 0.70]
  [0.43 0.66 0.65 0.01 0.47 0.93 0.26 0.64 0.19 0.17 0.94 0.50 1.00 0.61 0.76 0.12 0.90 0.23 0.50 1.00 0.63 0.14 0.16 0.45 0.02 0.43 0.40 0.27 0.36 0.73 0.58 0.48 0.22 0.34 0.16 0.82 0.34 0.10 0.90 0.67 0.88 0.69 0.20 0.73 0.16 0.51 0.63 0.90 0.37 0.29]
  [0.73 0.04 0.07 0.69 0.21 0.71 0.60 0.87 0.18 0.73 0.54 0.19 0.32 0.80 0.62 0.11 0.30 0.64 0.57 0.63 1.00 0.77 0.23 0.61 0.66 0.50 0.21 0.02 0.04 0.24 0.99 0.83 0.55 0.90 0.99 0.18 0.27 0.51 0.28 0.37 0.94 0.82 0.74 0.62 0.41 0.45 0.30 0.24 0.78 0.05]
  [0.19 0.12 1.00 0.23 0.80 0.44 0.93 0.56 0.61 0.63 0.20 0.09 0.82 0.78 0.19 0.90 0.89 0.76 0.81 0.14 0.77 1.00 0.22 0.86 0.99 0.20 0.82 0.76 0.82 0.91 0.66 0.17 0.32 0.79 0.44 0.17 0.93 0.09 0.04 0.43 0.27 0.14 0.92 0.62 0.02 0.65 0.61 0.32 0.54 0.20]
  [0.72 0.21 0.64 0.58 0.71 0.49 0.39 0.30 0.66 0.71 0.25 0.22 0.25 0.82 0.24 0.49 0.31 0.24 0.14 0.16 0.23 0.22 1.00 0.06 0.33 0.18 0.47 0.75 0.24 0.61 0.51 0.42 0.37 0.58 0.89 0.47 0.56 0.11 0.07 0.48 0.34 0.85 0.66 0.12 0.13 0.41 0.60 0.87 0.97 0.63]
  [0.92 0.25 0.76 0.63 0.32 0.88 0.94 0.71 0.90 0.18 0.97 0.16 0.13 0.31 0.38 0.40 0.24 0.46 0.51 0.45 0.61 0.86 0.06 1.00 0.10 0.54 1.00 0.31 0.72 0.14 0.94 0.15 0.11 0.21 0.44 0.67 0.15 0.76 0.37 0.78 0.10 0.42 0.29 0.36 0.03 0.06 0.36 0.46 0.73 0.87]
  [0.82 0.59 0.48 0.86 0.21 0.54 0.63 0.91 0.32 0.27 0.65 0.22 0.30 0.66 0.39 0.98 0.93 0.09 0.93 0.02 0.66 0.99 0.33 0.10 1.00 0.45 0.97 0.64 0.63 0.20 0.41 0.94 0.74 0.74 0.65 0.56 0.84 0.14 0.22 0.53 0.99 0.30 0.75 0.73 0.58 1.00 0.19 0.18 0.20 0.33]
  [0.63 0.77 0.96 0.97 0.85 0.02 0.97 0.46 0.71 0.42 0.76 0.95 0.35 0.39 0.37 0.07 0.18 0.55 0.75 0.43 0.50 0.20 0.18 0.54 0.45 1.00 0.48 0.26 0.60 0.07 0.57 0.72 0.74 0.26 1.00 1.00 0.08 0.04 0.61 0.76 0.05 0.53 0.89 0.35 0.99 0.61 0.29 0.79 0.85 0.30]
  [0.90 0.95 0.79 0.27 0.09 0.23 0.56 0.29 0.46 0.31 0.52 0.43 0.17 0.84 0.67 0.14 0.34 0.86 0.13 0.40 0.21 0.82 0.47 1.00 0.97 0.48 1.00 0.29 0.47 0.18 0.40 0.54 0.51 0.57 0.47 0.35 0.32 0.95 0.36 0.70 0.27 0.74 0.76 0.97 0.84 0.09 0.34 0.32 0.99 0.03]
  [0.43 0.16 0.48 0.32 0.26 0.52 0.58 0.70 0.45 0.54 0.85 0.49 0.10 0.32 0.03 0.48 0.65 0.84 0.03 0.27 0.02 0.76 0.75 0.31 0.64 0.26 0.29 1.00 0.52 0.54 0.69 0.72 0.74 0.71 0.89 0.25 0.96 0.87 0.87 0.97 0.00 0.75 0.91 0.45 0.45 0.42 0.85 0.22 0.20 0.50]
  [0.22 0.36 0.44 0.71 0.82 0.01 0.83 0.13 0.94 0.95 0.85 0.60 0.09 0.08 0.16 0.39 0.46 0.86 0.83 0.36 0.04 0.82 0.24 0.72 0.63 0.60 0.47 0.52 1.00 0.31 0.80 0.77 0.50 0.72 0.63 0.63 0.52 0.16 0.52 0.94 0.54 0.22 0.33 0.47 0.02 0.57 0.75 0.07 0.39 0.14]
  [0.24 0.07 0.12 0.51 0.25 0.57 0.76 0.56 0.99 0.37 0.65 0.46 0.22 0.85 0.35 0.75 0.40 0.52 0.55 0.73 0.24 0.91 0.61 0.14 0.20 0.07 0.18 0.54 0.31 1.00 0.61 0.02 0.37 0.53 0.67 0.50 0.57 0.49 0.16 0.55 0.98 0.34 0.89 0.80 0.91 0.26 0.47 0.21 0.52 0.85]
  [0.61 0.67 0.13 0.44 0.34 0.59 0.71 0.66 0.42 0.10 0.03 0.53 0.72 0.40 0.83 0.66 0.58 0.62 0.16 0.58 0.99 0.66 0.51 0.94 0.41 0.57 0.40 0.69 0.80 0.61 1.00 0.65 0.80 0.55 0.67 0.72 0.78 0.41 0.75 0.16 0.97 0.10 0.64 0.03 0.22 0.66 0.65 0.30 0.67 0.47]
  [0.45 0.56 0.85 0.52 0.10 0.43 0.50 0.89 0.57 0.06 0.95 0.14 0.22 0.22 0.79 0.53 0.22 0.05 0.27 0.48 0.83 0.17 0.42 0.15 0.94 0.72 0.54 0.72 0.77 0.02 0.65 1.00 0.50 0.69 0.26 0.12 0.80 0.67 0.72 0.23 0.52 0.05 0.50 0.35 0.51 0.28 0.86 0.16 0.79 0.52]
  [0.69 0.31 0.77 0.58 0.08 0.60 0.51 0.31 0.30 0.53 0.93 0.76 0.11 0.37 0.98 0.23 0.76 0.23 0.96 0.22 0.55 0.32 0.37 0.11 0.74 0.74 0.51 0.74 0.50 0.37 0.80 0.50 1.00 0.61 0.64 0.57 0.21 0.32 0.36 0.32 0.64 0.10 0.17 0.02 0.52 0.71 0.17 0.60 0.71 0.09]
  [0.90 0.75 0.40 0.50 0.08 0.23 0.78 0.80 0.37 0.76 0.91 0.53 0.18 0.90 0.73 0.38 0.73 0.73 0.72 0.34 0.90 0.79 0.58 0.21 0.74 0.26 0.57 0.71 0.72 0.53 0.55 0.69 0.61 1.00 0.99 0.71 0.82 0.67 0.89 0.26 0.66 0.65 0.64 0.80 0.95 0.39 0.77 0.59 0.00 0.86]
  [0.72 0.02 0.28 0.89 0.61 0.34 0.37 0.88 0.95 0.07 0.66 0.93 0.35 0.96 0.98 0.46 0.20 0.29 0.03 0.16 0.99 0.44 0.89 0.44 0.65 1.00 0.47 0.89 0.63 0.67 0.67 0.26 0.64 0.99 1.00 0.42 0.45 0.91 0.60 0.95 0.29 0.57 0.10 0.24 0.98 0.26 0.17 0.06 0.36 0.83]
  [0.24 0.40 0.49 0.63 0.46 0.76 0.40 0.38 0.51 0.45 0.03 0.77 0.03 0.66 0.68 0.42 0.26 0.98 0.55 0.82 0.18 0.17 0.47 0.67 0.56 1.00 0.35 0.25 0.63 0.50 0.72 0.12 0.57 0.71 0.42 1.00 0.07 0.48 0.23 0.75 0.04 0.49 0.90 0.02 0.74 0.61 0.09 0.31 0.39 0.49]
  [0.38 0.63 0.70 0.33 0.58 0.75 0.20 0.37 0.89 0.99 0.11 0.14 0.67 0.83 0.51 0.62 0.33 0.72 0.96 0.34 0.27 0.93 0.56 0.15 0.84 0.08 0.32 0.96 0.52 0.57 0.78 0.80 0.21 0.82 0.45 0.07 1.00 0.85 0.89 0.65 0.50 0.14 0.81 0.97 0.41 0.49 0.89 0.50 0.21 0.98]
  [0.73 0.53 0.53 0.46 0.57 0.83 0.44 0.32 0.27 0.60 0.40 0.60 0.50 0.38 0.71 0.83 0.27 0.02 0.05 0.10 0.51 0.09 0.11 0.76 0.14 0.04 0.95 0.87 0.16 0.49 0.41 0.67 0.32 0.67 0.91 0.48 0.85 1.00 0.96 0.29 0.42 0.93 0.10 0.34 0.53 0.07 0.82 0.76 0.58 0.52]
  [0.63 0.40 0.71 0.96 0.12 0.44 0.49 0.05 0.79 0.47 0.49 0.60 0.76 0.72 0.93 0.99 0.56 0.67 0.15 0.90 0.28 0.04 0.07 0.37 0.22 0.61 0.36 0.87 0.52 0.16 0.75 0.72 0.36 0.89 0.60 0.23 0.89 0.96 1.00 0.93 0.43 0.26 0.87 0.08 0.87 0.86 0.10 0.41 0.43 0.71]
  [0.48 0.41 0.10 0.23 0.94 0.31 0.44 0.84 0.41 0.05 0.95 0.26 0.08 0.92 0.85 0.39 0.70 0.64 0.83 0.67 0.37 0.43 0.48 0.78 0.53 0.76 0.70 0.97 0.94 0.55 0.16 0.23 0.32 0.26 0.95 0.75 0.65 0.29 0.93 1.00 0.09 0.36 0.42 0.84 0.97 0.81 0.67 0.47 0.17 0.95]
  [0.93 0.22 0.95 0.02 0.50 0.39 0.82 0.06 0.69 0.47 0.16 0.78 0.64 0.94 0.95 0.40 0.37 0.51 0.23 0.88 0.94 0.27 0.34 0.10 0.99 0.05 0.27 0.00 0.54 0.98 0.97 0.52 0.64 0.66 0.29 0.04 0.50 0.42 0.43 0.09 1.00 0.69 0.89 0.55 0.99 0.91 0.20 0.71 0.90 0.18]
  [0.39 0.52 0.92 0.05 0.10 0.21 0.92 0.78 0.26 0.72 0.38 0.07 0.77 0.61 0.30 0.99 0.75 0.56 0.03 0.69 0.82 0.14 0.85 0.42 0.30 0.53 0.74 0.75 0.22 0.34 0.10 0.05 0.10 0.65 0.57 0.49 0.14 0.93 0.26 0.36 0.69 1.00 0.78 0.95 0.45 0.28 0.41 0.22 0.64 0.76]
  [0.28 0.25 0.58 0.23 0.59 0.74 0.70 0.17 0.62 0.98 0.49 0.10 0.36 0.79 0.10 0.21 0.88 0.10 0.22 0.20 0.74 0.92 0.66 0.29 0.75 0.89 0.76 0.91 0.33 0.89 0.64 0.50 0.17 0.64 0.10 0.90 0.81 0.10 0.87 0.42 0.89 0.78 1.00 0.41 0.52 0.67 0.25 0.83 0.78 0.13]
  [0.56 0.04 0.82 0.22 0.83 0.71 0.71 0.54 0.83 0.02 0.12 0.30 0.02 0.50 0.86 0.57 0.56 0.89 0.24 0.73 0.62 0.62 0.12 0.36 0.73 0.35 0.97 0.45 0.47 0.80 0.03 0.35 0.02 0.80 0.24 0.02 0.97 0.34 0.08 0.84 0.55 0.95 0.41 1.00 0.21 0.61 0.77 0.36 0.36 0.49]
  [0.13 0.50 0.30 0.57 0.24 0.99 0.56 0.33 0.03 0.08 0.40 0.92 0.55 0.31 0.76 0.00 0.07 0.47 0.69 0.16 0.41 0.02 0.13 0.03 0.58 0.99 0.84 0.45 0.02 0.91 0.22 0.51 0.52 0.95 0.98 0.74 0.41 0.53 0.87 0.97 0.99 0.45 0.52 0.21 1.00 0.90 0.99 0.53 0.38 0.66]
  [0.22 0.57 0.54 0.56 0.38 0.52 0.72 0.89 0.38 0.80 0.35 0.36 0.90 0.82 0.06 0.22 0.02 0.73 0.99 0.51 0.45 0.65 0.41 0.06 1.00 0.61 0.09 0.42 0.57 0.26 0.66 0.28 0.71 0.39 0.26 0.61 0.49 0.07 0.86 0.81 0.91 0.28 0.67 0.61 0.90 1.00 0.94 0.10 0.59 0.65]
  [0.09 0.33 0.79 0.66 0.31 0.13 0.24 0.82 0.25 0.35 0.84 0.04 0.64 0.13 0.80 0.74 0.25 0.09 0.04 0.63 0.30 0.61 0.60 0.36 0.19 0.29 0.34 0.85 0.75 0.47 0.65 0.86 0.17 0.77 0.17 0.09 0.89 0.82 0.10 0.67 0.20 0.41 0.25 0.77 0.99 0.94 1.00 0.90 0.63 0.01]
  [0.11 0.97 0.49 0.82 0.40 0.51 0.16 0.01 0.76 0.04 0.10 0.69 0.41 0.71 0.01 0.67 0.02 0.78 0.43 0.90 0.24 0.32 0.87 0.46 0.18 0.79 0.32 0.22 0.07 0.21 0.30 0.16 0.60 0.59 0.06 0.31 0.50 0.76 0.41 0.47 0.71 0.22 0.83 0.36 0.53 0.10 0.90 1.00 0.41 0.32]
  [0.89 0.99 0.27 0.73 0.99 0.96 0.02 0.07 0.88 0.95 0.58 0.50 0.01 0.70 0.03 0.36 0.85 0.17 0.76 0.37 0.78 0.54 0.97 0.73 0.20 0.85 0.99 0.20 0.39 0.52 0.67 0.79 0.71 0.00 0.36 0.39 0.21 0.58 0.43 0.17 0.90 0.64 0.78 0.36 0.38 0.59 0.63 0.41 1.00 0.93]
  [0.30 0.67 0.81 0.60 0.33 0.20 0.37 0.42 0.60 0.72 0.39 0.28 0.97 0.02 0.12 0.63 0.55 0.60 0.70 0.29 0.05 0.20 0.63 0.87 0.33 0.30 0.03 0.50 0.14 0.85 0.47 0.52 0.09 0.86 0.83 0.49 0.98 0.52 0.71 0.95 0.18 0.76 0.13 0.49 0.66 0.65 0.01 0.32 0.93 1.00]
];
