D = 9;
n = [5 1 3 2 2 4 3 4 4];
N = 50;
d = [7 6 3 1 8 3 5 9 7 9 4 6 5 2 1 8 4 3 8 9 7 4 6 5 5 9 4 5 6 6 3 9 1 2 1 6 2 3 9 3 6 8 7 8 1 7 6 2 2 1];
m = [
  [1.00 0.51 0.39 0.30 0.25 0.70 0.08 0.64 0.49 0.15 0.66 0.67 0.59 0.46 0.21 0.91 0.94 0.53 0.10 0.62 0.28 0.28 0.44 0.59 0.26 0.45 0.14 0.42 0.73 0.28 0.54 0.53 0.25 0.08 0.49 0.55 0.31 0.86 0.14 0.16 0.95 0.17 0.26 0.04 0.27 0.71 0.10 0.73 0.64 0.38]
  [0.51 1.00 0.39 0.03 0.78 0.59 0.05 1.00 0.01 0.07 0.36 0.74 0.56 0.22 0.31 0.14 0.80 0.47 0.21 0.90 0.41 0.88 0.15 0.53 0.35 0.12 0.77 1.00 0.39 0.17 0.69 0.36 0.15 0.84 0.76 0.53 0.13 0.98 0.66 0.84 0.01 0.74 0.28 0.60 0.39 0.45 0.52 0.51 0.76 0.22]
  [0.39 0.39 1.00 0.23 0.31 0.90 0.77 0.42 0.84 0.04 0.80 0.15 0.56 0.57 0.34 0.56 0.58 0.88 0.59 0.26 0.39 0.71 0.63 0.79 0.15 0.55 0.63 0.69 0.15 0.60 0.64 0.75 0.05 0.93 0.93 0.98 0.38 0.20 0.35 0.37 0.92 0.60 0.11 0.81 0.54 0.68 0.21 0.08 0.67 0.82]
  [0.30 0.03 0.23 1.00 0.80 0.14 0.52 0.37 0.03 0.42 0.84 0.82 0.93 0.08 0.20 0.22 0.20 0.67 0.54 0.46 0.15 0.31 0.27 0.92 0.41 0.67 0.32 0.66 0.85 0.88 0.01 0.43 0.15 0.08 0.28 0.43 0.46 0.33 0.48 0.07 0.11 0.83 0.81 0.43 0.85 0.87 0.04 0.61 0.05 0.91]
  [0.25 0.78 0.31 0.80 1.00 0.39 0.17 0.90 0.42 0.79 0.66 0.32 0.51 0.58 0.16 0.95 0.75 0.79 0.39 0.49 0.71 1.00 0.91 0.74 0.74 0.23 0.21 0.12 0.55 0.96 0.92 0.43 0.32 0.39 0.98 0.35 0.95 0.82 0.23 0.98 0.34 0.89 0.81 0.95 0.97 0.38 0.64 0.31 0.64 0.48]
  [0.70 0.59 0.90 0.14 0.39 1.00 0.62 0.62 0.17 0.68 0.69 0.92 0.87 0.86 0.40 0.80 0.26 0.73 0.71 0.28 0.67 0.58 0.06 0.65 0.13 0.71 0.65 0.73 0.80 0.62 0.96 0.17 0.15 0.65 0.99 0.01 0.56 0.70 0.94 0.43 0.71 0.43 0.44 0.63 0.17 0.62 0.09 0.67 0.20 0.45]
  [0.08 0.05 0.77 0.52 0.17 0.62 1.00 0.49 0.02 0.51 0.23 0.05 0.01 0.46 0.50 0.02 0.14 0.92 0.36 0.57 0.89 0.49 0.95 0.17 0.71 0.14 0.43 0.08 0.39 0.32 0.92 0.12 0.01 0.72 0.96 1.00 0.27 0.65 0.52 0.73 0.31 0.03 0.45 0.45 0.74 0.73 0.20 0.59 0.74 0.55]
  [0.64 1.00 0.42 0.37 0.90 0.62 0.49 1.00 0.54 0.75 0.17 0.91 0.62 0.72 0.38 0.82 0.54 0.06 0.26 0.83 0.44 0.18 0.58 0.93 0.16 0.66 0.25 0.53 0.85 0.26 0.21 0.77 0.69 0.35 0.26 0.88 0.96 0.33 0.60 0.21 0.68 0.88 0.52 0.28 0.19 0.44 0.36 0.82 0.49 0.59]
  [0.49 0.01 0.84 0.03 0.42 0.17 0.02 0.54 1.00 0.87 0.65 0.02 0.83 0.06 0.53 0.82 0.70 0.54 0.51 0.52 0.94 0.17 0.23 0.41 0.95 0.81 0.11 0.86 0.29 0.96 0.48 0.39 0.85 0.24 0.39 0.37 0.60 0.80 0.04 0.56 0.56 0.56 0.94 0.83 0.75 0.57 0.21 0.46 0.19 0.94]
  [0.15 0.07 0.04 0.42 0.79 0.68 0.51 0.75 0.87 1.00 0.94 0.16 0.64 0.88 0.44 0.60 0.69 0.96 0.65 0.06 0.10 0.91 0.71 0.10 0.24 0.98 0.73 0.15 0.08 0.65 0.95 0.09 0.08 0.37 0.43 0.81 0.83 0.57 0.19 0.49 0.15 0.81 0.84 0.21 0.08 1.00 0.70 0.72 0.59 0.90]
  [0.66 0.36 0.80 0.84 0.66 0.69 0.23 0.17 0.65 0.94 1.00 0.22 0.92 0.71 0.90 0.42 0.40 0.17 0.08 0.84 0.77 0.07 0.48 0.33 0.95 0.92 0.32 0.47 0.76 0.37 0.90 0.95 0.14 0.83 0.65 0.68 0.03 0.65 0.14 0.74 0.89 0.62 0.36 0.98 0.70 0.53 0.98 0.92 1.00 0.50]
  [0.67 0.74 0.15 0.82 0.32 0.92 0.05 0.91 0.02 0.16 0.22 1.00 0.43 0.37 0.19 0.21 0.94 0.43 0.74 0.08 0.86 0.97 0.50 0.61 0.45 0.60 0.75 0.29 0.18 0.41 0.51 0.82 0.03 0.79 0.90 0.76 0.39 0.51 0.43 0.79 0.75 0.82 0.61 0.20 0.54 0.71 0.89 0.30 0.76 0.44]
  [0.59 0.56 0.56 0.93 0.51 0.87 0.01 0.62 0.83 0.64 0.92 0.43 1.00 0.18 0.11 0.20 0.18 0.27 0.52 0.41 0.27 0.46 0.08 0.80 0.54 0.02 0.95 0.95 0.59 0.34 0.22 0.04 0.07 0.77 0.11 0.93 0.12 0.63 0.73 0.71 0.61 0.18 0.93 0.93 0.73 0.25 0.74 0.04 0.03 0.94]
  [0.46 0.22 0.57 0.08 0.58 0.86 0.46 0.72 0.06 0.88 0.71 0.37 0.18 1.00 0.30 0.84 0.47 0.09 0.83 0.85 0.40 0.14 0.45 0.95 0.69 0.54 0.33 0.92 0.23 0.80 0.62 0.57 0.75 0.19 0.33 0.91 0.76 0.21 0.69 0.31 0.91 0.80 0.63 0.97 0.48 0.49 0.90 0.80 0.18 0.20]
  [0.21 0.31 0.34 0.20 0.16 0.40 0.50 0.38 0.53 0.44 0.90 0.19 0.11 0.30 1.00 0.76 0.39 0.71 0.55 0.61 0.38 0.84 0.48 0.40 0.10 0.05 0.53 0.75 0.81 0.27 0.33 0.26 0.51 0.54 0.55 0.65 0.35 0.03 0.89 0.96 0.19 0.89 0.79 0.38 0.83 0.33 0.59 0.12 0.31 0.10]
  [0.91 0.14 0.56 0.22 0.95 0.80 0.02 0.82 0.82 0.60 0.42 0.21 0.20 0.84 0.76 1.00 0.09 0.19 0.71 0.11 0.61 0.17 0.92 0.37 0.34 0.39 0.56 0.72 0.94 0.23 0.23 0.44 0.32 0.28 0.27 0.64 0.36 0.27 0.49 0.52 0.97 0.11 0.15 0.92 0.89 0.90 0.68 0.11 0.92 0.62]
  [0.94 0.80 0.58 0.20 0.75 0.26 0.14 0.54 0.70 0.69 0.40 0.94 0.18 0.47 0.39 0.09 1.00 0.60 0.43 0.59 0.87 0.09 0.24 0.65 0.10 0.11 0.33 0.96 0.75 0.05 0.18 0.96 0.02 0.90 0.56 0.95 0.44 0.86 0.87 0.26 0.57 0.74 0.45 0.92 0.30 0.25 0.70 0.58 0.23 0.11]
  [0.53 0.47 0.88 0.67 0.79 0.73 0.92 0.06 0.54 0.96 0.17 0.43 0.27 0.09 0.71 0.19 0.60 1.00 0.76 0.29 0.07 0.10 0.83 0.31 0.47 0.38 0.50 0.33 0.14 0.10 0.79 0.45 0.87 0.01 0.58 0.28 0.82 0.28 0.08 0.81 0.37 0.12 0.59 0.18 0.36 0.07 0.57 0.09 0.31 0.62]
  [0.10 0.21 0.59 0.54 0.39 0.71 0.36 0.26 0.51 0.65 0.08 0.74 0.52 0.83 0.55 0.71 0.43 0.76 1.00 0.73 0.08 0.87 0.82 0.30 0.45 0.65 0.56 0.02 0.11 0.65 0.07 0.34 0.50 0.08 0.14 0.47 0.33 0.84 0.06 0.96 0.46 0.89 0.32 0.24 0.19 0.56 0.89 0.15 1.00 0.54]
  [0.62 0.90 0.26 0.46 0.49 0.28 0.57 0.83 0.52 0.06 0.84 0.08 0.41 0.85 0.61 0.11 0.59 0.29 0.73 1.00 0.73 0.89 0.20 0.01 0.82 0.62 0.03 0.27 0.53 0.02 0.18 0.24 0.29 0.43 0.04 0.06 0.82 0.47 0.97 0.65 0.38 0.90 0.27 0.11 0.77 0.48 0.93 0.92 0.77 0.72]
  [0.28 0.41 0.39 0.15 0.71 0.67 0.89 0.44 0.94 0.10 0.77 0.86 0.27 0.40 0.38 0.61 0.87 0.07 0.08 0.73 1.00 0.64 0.89 0.67 0.31 0.64 0.52 0.56 0.82 0.31 0.18 0.86 0.55 0.53 0.64 0.57 0.45 0.98 0.20 0.65 0.87 0.45 0.42 0.17 0.52 0.84 0.58 0.79 0.59 0.05]
  [0.28 0.88 0.71 0.31 1.00 0.58 0.49 0.18 0.17 0.91 0.07 0.97 0.46 0.14 0.84 0.17 0.09 0.10 0.87 0.89 0.64 1.00 0.74 0.96 0.54 0.49 0.29 0.61 0.04 0.69 0.10 0.29 0.32 0.36 0.64 0.92 0.96 0.70 0.83 0.15 0.40 0.72 0.16 0.19 0.66 0.53 0.19 0.15 0.83 0.60]
  [0.44 0.15 0.63 0.27 0.91 0.06 0.95 0.58 0.23 0.71 0.48 0.50 0.08 0.45 0.48 0.92 0.24 0.83 0.82 0.20 0.89 0.74 1.00 0.06 0.90 0.05 0.24 0.79 0.94 0.02 0.25 0.54 0.18 0.18 0.03 0.11 0.49 0.77 0.61 0.59 0.42 0.83 0.18 0.95 0.89 0.25 0.93 0.99 0.19 0.31]
  [0.59 0.53 0.79 0.92 0.74 0.65 0.17 0.93 0.41 0.10 0.33 0.61 0.80 0.95 0.40 0.37 0.65 0.31 0.30 0.01 0.67 0.96 0.06 1.00 0.27 0.01 0.56 0.90 0.81 0.91 0.10 0.08 0.47 0.20 0.67 0.75 0.10 0.81 0.69 0.83 0.59 0.57 0.91 0.47 0.36 0.14 0.57 0.65 0.09 0.65]
  [0.26 0.35 0.15 0.41 0.74 0.13 0.71 0.16 0.95 0.24 0.95 0.45 0.54 0.69 0.10 0.34 0.10 0.47 0.45 0.82 0.31 0.54 0.90 0.27 1.00 0.22 0.19 0.84 0.63 0.21 0.26 0.50 0.52 0.99 0.80 0.84 0.63 0.31 0.06 0.11 0.42 0.98 0.22 0.88 0.16 0.94 0.12 0.36 0.59 0.19]
  [0.45 0.12 0.55 0.67 0.23 0.71 0.14 0.66 0.81 0.98 0.92 0.60 0.02 0.54 0.05 0.39 0.11 0.38 0.65 0.62 0.64 0.49 0.05 0.01 0.22 1.00 0.00 0.08 0.40 0.72 0.42 0.27 0.24 0.69 0.09 0.62 0.30 0.47 0.49 0.60 0.04 0.76 0.81 0.09 0.56 0.45 0.60 0.13 0.30 0.83]
  [0.14 0.77 0.63 0.32 0.21 0.65 0.43 0.25 0.11 0.73 0.32 0.75 0.95 0.33 0.53 0.56 0.33 0.50 0.56 0.03 0.52 0.29 0.24 0.56 0.19 0.00 1.00 0.93 0.73 0.68 0.75 0.95 0.36 0.37 0.59 0.71 0.99 0.04 0.05 0.31 0.29 0.78 0.06 0.12 0.88 0.31 0.54 0.77 0.47 0.18]
  [0.42 1.00 0.69 0.66 0.12 0.73 0.08 0.53 0.86 0.15 0.47 0.29 0.95 0.92 0.75 0.72 0.96 0.33 0.02 0.27 0.56 0.61 0.79 0.90 0.84 0.08 0.93 1.00 0.71 0.59 0.65 0.26 0.65 0.13 0.70 0.90 0.21 0.64 0.30 0.49 0.64 0.64 0.60 0.68 0.99 0.26 0.31 0.05 0.81 0.22]
  [0.73 0.39 0.15 0.85 0.55 0.80 0.39 0.85 0.29 0.08 0.76 0.18 0.59 0.23 0.81 0.94 0.75 0.14 0.11 0.53 0.82 0.04 0.94 0.81 0.63 0.40 0.73 0.71 1.00 0.95 0.56 0.10 0.90 0.34 0.05 0.11 0.65 0.33 0.63 0.24 0.95 0.88 0.18 0.63 0.32 0.53 0.36 0.25 0.57 0.75]
  [0.28 0.17 0.60 0.88 0.96 0.62 0.32 0.26 0.96 0.65 0.37 0.41 0.34 0.80 0.27 0.23 0.05 0.10 0.65 0.02 0.31 0.69 0.02 0.91 0.21 0.72 0.68 0.59 0.95 1.00 0.77 0.71 0.54 0.52 0.91 0.89 0.69 0.59 0.63 0.80 0.05 0.70 0.69 0.60 0.34 0.34 0.93 0.27 0.14 0.79]
  [0.54 0.69 0.64 0.01 0.92 0.96 0.92 0.21 0.48 0.95 0.90 0.51 0.22 0.62 0.33 0.23 0.18 0.79 0.07 0.18 0.18 0.10 0.25 0.10 0.26 0.42 0.75 0.65 0.56 0.77 1.00 0.47 0.64 0.16 0.53 0.11 0.56 0.79 0.63 0.62 0.72 0.60 0.10 0.23 0.90 0.93 0.41 0.79 0.54 0.25]
  [0.53 0.36 0.75 0.43 0.43 0.17 0.12 0.77 0.39 0.09 0.95 0.82 0.04 0.57 0.26 0.44 0.96 0.45 0.34 0.24 0.86 0.29 0.54 0.08 0.50 0.27 0.95 0.26 0.10 0.71 0.47 1.00 0.81 0.23 0.35 0.40 0.54 0.44 0.38 0.43 0.18 0.27 0.87 0.94 0.57 0.98 0.16 0.47 0.95 0.17]
  [0.25 0.15 0.05 0.15 0.32 0.15 0.01 0.69 0.85 0.08 0.14 0.03 0.07 0.75 0.51 0.32 0.02 0.87 0.50 0.29 0.55 0.32 0.18 0.47 0.52 0.24 0.36 0.65 0.90 0.54 0.64 0.81 1.00 0.35 0.45 0.05 0.08 0.99 0.82 0.56 0.84 0.04 0.09 0.63 0.71 0.92 0.18 0.61 0.50 0.89]
  [0.08 0.84 0.93 0.08 0.39 0.65 0.72 0.35 0.24 0.37 0.83 0.79 0.77 0.19 0.54 0.28 0.90 0.01 0.08 0.43 0.53 0.36 0.18 0.20 0.99 0.69 0.37 0.13 0.34 0.52 0.16 0.23 0.35 1.00 0.82 0.78 0.62 0.90 0.08 0.97 0.93 0.71 0.45 0.11 0.41 0.95 0.44 0.27 0.87 0.09]
  [0.49 0.76 0.93 0.28 0.98 0.99 0.96 0.26 0.39 0.43 0.65 0.90 0.11 0.33 0.55 0.27 0.56 0.58 0.14 0.04 0.64 0.64 0.03 0.67 0.80 0.09 0.59 0.70 0.05 0.91 0.53 0.35 0.45 0.82 1.00 0.75 0.69 0.55 0.82 0.84 0.49 0.16 0.14 0.87 0.78 0.55 0.20 0.40 0.95 0.53]
  [0.55 0.53 0.98 0.43 0.35 0.01 1.00 0.88 0.37 0.81 0.68 0.76 0.93 0.91 0.65 0.64 0.95 0.28 0.47 0.06 0.57 0.92 0.11 0.75 0.84 0.62 0.71 0.90 0.11 0.89 0.11 0.40 0.05 0.78 0.75 1.00 0.51 0.55 0.67 0.43 0.11 0.03 0.43 0.93 0.45 0.61 0.74 0.41 0.33 0.54]
  [0.31 0.13 0.38 0.46 0.95 0.56 0.27 0.96 0.60 0.83 0.03 0.39 0.12 0.76 0.35 0.36 0.44 0.82 0.33 0.82 0.45 0.96 0.49 0.10 0.63 0.30 0.99 0.21 0.65 0.69 0.56 0.54 0.08 0.62 0.69 0.51 1.00 0.71 0.67 0.78 0.87 0.58 0.23 0.90 0.75 0.88 0.26 0.09 0.29 0.20]
  [0.86 0.98 0.20 0.33 0.82 0.70 0.65 0.33 0.80 0.57 0.65 0.51 0.63 0.21 0.03 0.27 0.86 0.28 0.84 0.47 0.98 0.70 0.77 0.81 0.31 0.47 0.04 0.64 0.33 0.59 0.79 0.44 0.99 0.90 0.55 0.55 0.71 1.00 0.03 0.04 0.62 0.46 0.52 0.30 0.45 0.74 0.41 0.18 0.19 0.99]
  [0.14 0.66 0.35 0.48 0.23 0.94 0.52 0.60 0.04 0.19 0.14 0.43 0.73 0.69 0.89 0.49 0.87 0.08 0.06 0.97 0.20 0.83 0.61 0.69 0.06 0.49 0.05 0.30 0.63 0.63 0.63 0.38 0.82 0.08 0.82 0.67 0.67 0.03 1.00 0.03 0.81 0.48 0.80 0.33 0.30 0.15 0.13 0.73 0.02 0.82]
  [0.16 0.84 0.37 0.07 0.98 0.43 0.73 0.21 0.56 0.49 0.74 0.79 0.71 0.31 0.96 0.52 0.26 0.81 0.96 0.65 0.65 0.15 0.59 0.83 0.11 0.60 0.31 0.49 0.24 0.80 0.62 0.43 0.56 0.97 0.84 0.43 0.78 0.04 0.03 1.00 0.78 0.31 0.70 0.66 0.21 0.64 0.14 0.09 0.85 0.55]
  [0.95 0.01 0.92 0.11 0.34 0.71 0.31 0.68 0.56 0.15 0.89 0.75 0.61 0.91 0.19 0.97 0.57 0.37 0.46 0.38 0.87 0.40 0.42 0.59 0.42 0.04 0.29 0.64 0.95 0.05 0.72 0.18 0.84 0.93 0.49 0.11 0.87 0.62 0.81 0.78 1.00 0.28 0.56 0.90 0.37 0.98 0.32 0.94 0.64 0.86]
  [0.17 0.74 0.60 0.83 0.89 0.43 0.03 0.88 0.56 0.81 0.62 0.82 0.18 0.80 0.89 0.11 0.74 0.12 0.89 0.90 0.45 0.72 0.83 0.57 0.98 0.76 0.78 0.64 0.88 0.70 0.60 0.27 0.04 0.71 0.16 0.03 0.58 0.46 0.48 0.31 0.28 1.00 0.98 0.60 0.04 0.94 0.17 0.50 0.62 0.09]
  [0.26 0.28 0.11 0.81 0.81 0.44 0.45 0.52 0.94 0.84 0.36 0.61 0.93 0.63 0.79 0.15 0.45 0.59 0.32 0.27 0.42 0.16 0.18 0.91 0.22 0.81 0.06 0.60 0.18 0.69 0.10 0.87 0.09 0.45 0.14 0.43 0.23 0.52 0.80 0.70 0.56 0.98 1.00 0.25 0.35 0.51 0.18 0.33 0.58 0.15]
  [0.04 0.60 0.81 0.43 0.95 0.63 0.45 0.28 0.83 0.21 0.98 0.20 0.93 0.97 0.38 0.92 0.92 0.18 0.24 0.11 0.17 0.19 0.95 0.47 0.88 0.09 0.12 0.68 0.63 0.60 0.23 0.94 0.63 0.11 0.87 0.93 0.90 0.30 0.33 0.66 0.90 0.60 0.25 1.00 0.38 0.30 0.82 0.39 0.29 0.71]
  [0.27 0.39 0.54 0.85 0.97 0.17 0.74 0.19 0.75 0.08 0.70 0.54 0.73 0.48 0.83 0.89 0.30 0.36 0.19 0.77 0.52 0.66 0.89 0.36 0.16 0.56 0.88 0.99 0.32 0.34 0.90 0.57 0.71 0.41 0.78 0.45 0.75 0.45 0.30 0.21 0.37 0.04 0.35 0.38 1.00 0.20 0.05 0.27 0.84 0.71]
  [0.71 0.45 0.68 0.87 0.38 0.62 0.73 0.44 0.57 1.00 0.53 0.71 0.25 0.49 0.33 0.90 0.25 0.07 0.56 0.48 0.84 0.53 0.25 0.14 0.94 0.45 0.31 0.26 0.53 0.34 0.93 0.98 0.92 0.95 0.55 0.61 0.88 0.74 0.15 0.64 0.98 0.94 0.51 0.30 0.20 1.00 0.55 0.69 0.24 0.08]
  [0.10 0.52 0.21 0.04 0.64 0.09 0.20 0.36 0.21 0.70 0.98 0.89 0.74 0.90 0.59 0.68 0.70 0.57 0.89 0.93 0.58 0.19 0.93 0.57 0.12 0.60 0.54 0.31 0.36 0.93 0.41 0.16 0.18 0.44 0.20 0.74 0.26 0.41 0.13 0.14 0.32 0.17 0.18 0.82 0.05 0.55 1.00 0.43 0.05 0.27]
  [0.73 0.51 0.08 0.61 0.31 0.67 0.59 0.82 0.46 0.72 0.92 0.30 0.04 0.80 0.12 0.11 0.58 0.09 0.15 0.92 0.79 0.15 0.99 0.65 0.36 0.13 0.77 0.05 0.25 0.27 0.79 0.47 0.61 0.27 0.40 0.41 0.09 0.18 0.73 0.09 0.94 0.50 0.33 0.39 0.27 0.69 0.43 1.00 0.14 0.03]
  [0.64 0.76 0.67 0.05 0.64 0.20 0.74 0.49 0.19 0.59 1.00 0.76 0.03 0.18 0.31 0.92 0.23 0.31 1.00 0.77 0.59 0.83 0.19 0.09 0.59 0.30 0.47 0.81 0.57 0.14 0.54 0.95 0.50 0.87 0.95 0.33 0.29 0.19 0.02 0.85 0.64 0.62 0.58 0.29 0.84 0.24 0.05 0.14 1.00 0.46]
  [0.38 0.22 0.82 0.91 0.48 0.45 0.55 0.59 0.94 0.90 0.50 0.44 0.94 0.20 0.10 0.62 0.11 0.62 0.54 0.72 0.05 0.60 0.31 0.65 0.19 0.83 0.18 0.22 0.75 0.79 0.25 0.17 0.89 0.09 0.53 0.54 0.20 0.99 0.82 0.55 0.86 0.09 0.15 0.71 0.71 0.08 0.27 0.03 0.46 1.00]
];
