D = 4;
n = [8 3 5 2];
N = 50;
d = [1 4 1 1 3 4 3 2 3 1 2 4 1 3 1 1 1 1 2 1 2 1 1 4 4 3 3 1 3 4 3 1 2 4 4 3 1 2 1 3 3 2 4 1 1 1 4 4 1 3];
m = [
  [1.00 0.75 0.26 0.14 0.38 0.58 0.10 0.84 0.16 0.87 0.33 0.51 1.00 0.33 0.41 0.47 0.47 0.04 0.29 0.62 0.92 0.76 0.15 0.11 0.06 0.82 0.49 0.98 0.20 0.25 0.91 0.23 0.08 0.63 0.11 0.05 0.77 0.04 0.98 0.07 0.01 0.90 0.87 0.45 0.98 0.17 0.33 0.72 0.50 0.38]
  [0.75 1.00 0.11 0.33 0.07 0.62 0.21 0.63 0.60 0.73 0.04 0.76 0.55 0.22 0.05 0.06 0.35 0.82 0.01 0.16 0.50 0.45 0.70 0.12 0.43 0.29 0.29 0.43 0.99 0.27 0.83 0.48 0.65 0.94 0.64 0.91 0.64 0.41 0.33 0.82 0.52 0.86 0.89 0.82 0.10 0.34 0.49 0.01 0.45 0.09]
  [0.26 0.11 1.00 0.07 0.41 0.75 0.26 0.10 0.30 0.82 0.81 0.80 0.40 0.54 0.64 0.54 0.04 0.98 0.72 0.08 0.76 0.58 0.42 0.42 0.76 0.92 0.67 0.62 0.29 0.91 0.88 0.17 0.24 0.52 0.13 0.98 0.17 0.52 0.48 0.09 0.29 0.35 0.71 0.86 0.81 0.23 0.18 0.78 0.75 0.65]
  [0.14 0.33 0.07 1.00 0.35 0.36 0.80 0.81 0.12 0.57 0.73 0.48 0.02 0.63 0.54 0.64 0.56 0.63 0.04 0.20 0.22 0.21 1.00 0.93 0.66 0.70 0.27 0.91 0.59 0.73 0.59 0.07 0.33 0.07 0.65 0.09 0.63 0.15 0.56 0.45 0.21 0.59 0.61 0.33 0.75 0.47 0.30 0.22 0.29 0.49]
  [0.38 0.07 0.41 0.35 1.00 0.88 0.16 0.04 0.36 0.66 0.53 0.22 0.99 0.75 0.09 0.80 0.35 0.95 0.12 0.14 0.31 0.22 0.15 0.83 0.78 0.75 0.81 0.38 0.08 0.21 0.97 1.00 0.54 0.82 0.10 0.72 0.59 0.80 0.64 0.39 0.48 0.67 0.46 0.31 0.10 0.24 0.30 0.33 0.68 0.47]
  [0.58 0.62 0.75 0.36 0.88 1.00 0.32 0.17 0.83 0.65 0.59 0.98 0.85 0.06 0.79 0.95 0.66 0.21 0.95 0.68 0.48 0.23 0.82 0.71 0.06 0.63 0.96 0.02 0.57 0.33 0.40 0.33 0.37 0.44 0.68 0.84 0.12 0.36 0.71 0.77 0.61 0.88 0.16 0.45 0.58 0.45 0.13 0.63 0.46 0.45]
  [0.10 0.21 0.26 0.80 0.16 0.32 1.00 0.28 0.14 0.00 0.60 0.41 0.69 0.44 0.22 0.61 0.89 0.36 0.34 0.13 0.57 0.67 0.81 0.06 0.46 0.75 0.78 0.09 0.63 0.25 0.01 0.68 0.69 0.91 0.87 0.20 0.03 0.08 0.34 0.96 0.87 0.59 0.58 0.49 0.68 0.25 0.67 0.24 0.07 0.98]
  [0.84 0.63 0.10 0.81 0.04 0.17 0.28 1.00 0.80 0.06 0.71 0.44 0.64 0.60 0.25 0.06 0.63 0.98 0.72 0.29 0.00 0.59 0.74 0.56 0.67 0.52 0.92 0.27 0.69 0.83 0.06 0.78 0.81 0.14 0.12 0.87 0.23 0.14 0.91 0.08 0.69 0.09 0.18 0.81 0.48 0.69 0.00 0.12 0.31 0.69]
  [0.16 0.60 0.30 0.12 0.36 0.83 0.14 0.80 1.00 0.03 0.15 0.18 0.11 0.99 0.53 0.30 0.94 0.04 0.68 0.65 0.54 0.97 0.17 0.81 0.84 0.74 0.63 0.11 0.59 0.86 0.51 0.88 0.42 0.50 0.96 0.68 0.40 0.46 0.95 0.89 0.38 0.25 0.15 0.02 0.21 0.37 0.25 0.73 0.51 0.28]
  [0.87 0.73 0.82 0.57 0.66 0.65 0.00 0.06 0.03 1.00 0.60 0.67 0.55 0.27 0.61 0.37 0.51 0.31 0.03 0.49 0.47 0.73 0.69 0.00 0.29 0.75 0.00 0.19 0.57 0.35 0.85 0.71 0.22 0.50 0.13 0.86 0.89 0.35 0.65 0.72 0.53 0.12 0.61 0.52 0.96 0.64 0.68 0.30 0.16 0.27]
  [0.33 0.04 0.81 0.73 0.53 0.59 0.60 0.71 0.15 0.60 1.00 0.41 0.45 0.18 0.39 0.89 0.27 0.50 0.04 0.99 0.81 0.75 0.29 0.38 0.31 0.32 0.40 0.10 0.37 0.20 0.74 0.20 0.65 0.39 0.44 0.10 0.74 0.63 0.22 0.50 0.73 0.78 0.99 0.30 0.21 1.00 0.18 0.61 0.28 0.14]
  [0.51 0.76 0.80 0.48 0.22 0.98 0.41 0.44 0.18 0.67 0.41 1.00 0.51 0.36 0.15 0.33 0.49 0.32 0.92 0.17 0.40 0.14 0.84 0.17 0.84 0.16 0.63 0.23 0.78 0.69 0.53 0.15 0.67 0.69 0.11 0.65 0.43 0.26 0.66 0.36 0.87 0.28 0.81 0.74 0.52 0.80 0.27 0.73 0.48 0.18]
  [1.00 0.55 0.40 0.02 0.99 0.85 0.69 0.64 0.11 0.55 0.45 0.51 1.00 0.77 0.35 0.12 0.01 0.94 0.91 0.40 0.80 0.52 0.56 0.94 0.98 0.00 0.23 0.37 0.79 0.72 0.80 0.76 0.41 0.99 0.43 0.16 0.33 0.43 0.81 0.12 0.51 0.25 0.55 0.37 0.59 0.31 0.38 0.55 0.50 0.03]
  [0.33 0.22 0.54 0.63 0.75 0.06 0.44 0.60 0.99 0.27 0.18 0.36 0.77 1.00 0.12 0.78 0.89 0.40 0.69 0.80 0.78 0.58 0.02 0.09 0.29 0.60 0.33 0.62 0.74 0.95 0.63 0.94 0.29 0.38 0.46 0.35 0.24 0.01 0.50 0.16 0.42 0.20 0.43 0.05 0.60 0.52 0.34 0.51 0.92 0.67]
  [0.41 0.05 0.64 0.54 0.09 0.79 0.22 0.25 0.53 0.61 0.39 0.15 0.35 0.12 1.00 0.07 0.14 0.70 0.63 0.43 0.53 0.73 0.40 0.46 0.69 0.35 0.64 0.17 0.70 0.66 0.43 0.01 0.63 0.17 0.91 0.09 0.76 0.68 0.28 0.01 0.94 0.83 0.63 0.39 0.25 0.97 0.04 0.70 0.24 0.78]
  [0.47 0.06 0.54 0.64 0.80 0.95 0.61 0.06 0.30 0.37 0.89 0.33 0.12 0.78 0.07 1.00 0.00 0.94 0.90 0.83 0.19 0.28 0.43 0.58 0.01 0.71 0.28 0.22 0.08 0.61 0.75 0.08 0.00 0.04 0.47 0.96 0.66 0.15 0.20 0.24 0.18 0.15 0.58 0.37 0.28 0.69 0.31 0.67 0.68 0.59]
  [0.47 0.35 0.04 0.56 0.35 0.66 0.89 0.63 0.94 0.51 0.27 0.49 0.01 0.89 0.14 0.00 1.00 0.32 0.44 0.14 0.44 0.76 0.51 0.30 0.34 0.64 0.24 0.94 0.81 0.09 0.87 0.58 0.44 0.62 0.09 0.81 0.82 0.77 0.06 0.24 0.79 0.59 0.72 0.43 0.53 0.59 0.18 0.46 0.89 0.90]
  [0.04 0.82 0.98 0.63 0.95 0.21 0.36 0.98 0.04 0.31 0.50 0.32 0.94 0.40 0.70 0.94 0.32 1.00 0.58 0.96 0.57 0.67 0.31 0.09 0.26 0.31 0.17 0.94 0.40 0.48 0.68 0.87 0.62 0.73 0.38 0.99 0.36 0.15 0.38 0.80 0.97 0.97 0.57 0.10 0.62 0.89 0.25 0.76 0.52 0.65]
  [0.29 0.01 0.72 0.04 0.12 0.95 0.34 0.72 0.68 0.03 0.04 0.92 0.91 0.69 0.63 0.90 0.44 0.58 1.00 0.90 0.65 0.30 0.85 0.27 0.72 0.99 0.94 0.45 0.38 0.28 0.60 0.67 0.13 0.76 0.85 0.95 0.49 0.99 0.81 0.67 0.04 0.57 0.58 0.07 0.50 0.37 0.85 1.00 0.64 0.25]
  [0.62 0.16 0.08 0.20 0.14 0.68 0.13 0.29 0.65 0.49 0.99 0.17 0.40 0.80 0.43 0.83 0.14 0.96 0.90 1.00 0.29 0.96 0.43 0.67 0.80 0.84 0.30 0.36 0.14 0.44 0.57 0.55 0.56 0.08 0.58 0.67 0.57 0.68 0.24 0.07 0.31 0.38 0.63 0.42 0.89 0.62 0.88 0.44 0.66 0.29]
  [0.92 0.50 0.76 0.22 0.31 0.48 0.57 0.00 0.54 0.47 0.81 0.40 0.80 0.78 0.53 0.19 0.44 0.57 0.65 0.29 1.00 0.01 0.01 0.10 0.64 0.87 0.24 0.28 0.97 0.18 0.10 0.95 0.05 0.60 0.37 0.21 0.22 0.79 0.79 0.41 0.23 0.71 0.90 0.54 0.11 0.51 0.49 0.42 0.46 0.88]
  [0.76 0.45 0.58 0.21 0.22 0.23 0.67 0.59 0.97 0.73 0.75 0.14 0.52 0.58 0.73 0.28 0.76 0.67 0.30 0.96 0.01 1.00 0.96 0.88 0.05 0.52 0.89 0.86 0.20 0.59 0.25 0.74 0.79 0.20 0.88 0.50 0.06 0.24 0.53 0.52 0.62 0.21 0.91 0.03 0.17 0.71 0.85 0.54 0.60 0.56]
  [0.15 0.70 0.42 1.00 0.15 0.82 0.81 0.74 0.17 0.69 0.29 0.84 0.56 0.02 0.40 0.43 0.51 0.31 0.85 0.43 0.01 0.96 1.00 0.98 0.41 0.69 0.59 0.16 0.00 0.02 0.21 0.41 0.98 0.02 0.83 0.42 0.49 0.22 0.96 0.67 0.68 0.03 0.47 0.97 0.89 0.30 0.07 0.76 0.38 0.75]
  [0.11 0.12 0.42 0.93 0.83 0.71 0.06 0.56 0.81 0.00 0.38 0.17 0.94 0.09 0.46 0.58 0.30 0.09 0.27 0.67 0.10 0.88 0.98 1.00 0.27 0.68 0.67 0.20 0.45 0.09 0.03 0.70 0.04 0.45 0.14 0.25 0.15 0.43 0.62 0.24 0.98 0.45 0.42 0.91 0.59 0.53 0.77 0.87 0.24 0.00]
  [0.06 0.43 0.76 0.66 0.78 0.06 0.46 0.67 0.84 0.29 0.31 0.84 0.98 0.29 0.69 0.01 0.34 0.26 0.72 0.80 0.64 0.05 0.41 0.27 1.00 0.53 0.74 0.25 0.60 0.57 0.77 0.13 0.76 0.01 0.06 0.03 0.84 0.05 0.47 0.08 0.28 0.51 0.82 0.76 0.20 0.80 0.64 0.31 0.34 0.89]
  [0.82 0.29 0.92 0.70 0.75 0.63 0.75 0.52 0.74 0.75 0.32 0.16 0.00 0.60 0.35 0.71 0.64 0.31 0.99 0.84 0.87 0.52 0.69 0.68 0.53 1.00 0.06 0.41 0.80 0.01 0.31 0.91 0.87 0.03 0.74 0.78 0.73 0.15 0.91 0.68 0.55 0.70 0.67 0.80 0.98 0.10 0.76 0.61 0.69 0.80]
  [0.49 0.29 0.67 0.27 0.81 0.96 0.78 0.92 0.63 0.00 0.40 0.63 0.23 0.33 0.64 0.28 0.24 0.17 0.94 0.30 0.24 0.89 0.59 0.67 0.74 0.06 1.00 0.56 0.46 0.66 0.67 0.88 0.09 0.03 0.17 0.60 0.85 0.15 0.07 0.68 0.75 0.95 0.28 0.60 0.12 0.65 0.13 0.99 0.60 0.96]
  [0.98 0.43 0.62 0.91 0.38 0.02 0.09 0.27 0.11 0.19 0.10 0.23 0.37 0.62 0.17 0.22 0.94 0.94 0.45 0.36 0.28 0.86 0.16 0.20 0.25 0.41 0.56 1.00 0.14 0.71 0.73 0.84 0.44 0.38 0.45 0.86 0.49 0.89 0.81 0.82 0.85 0.07 0.52 0.65 0.48 0.82 0.25 0.60 0.02 0.19]
  [0.20 0.99 0.29 0.59 0.08 0.57 0.63 0.69 0.59 0.57 0.37 0.78 0.79 0.74 0.70 0.08 0.81 0.40 0.38 0.14 0.97 0.20 0.00 0.45 0.60 0.80 0.46 0.14 1.00 0.01 0.60 0.08 0.20 0.76 0.51 0.35 0.68 0.43 0.74 0.75 0.50 0.23 0.24 0.76 0.30 0.70 0.85 0.30 0.33 0.17]
  [0.25 0.27 0.91 0.73 0.21 0.33 0.25 0.83 0.86 0.35 0.20 0.69 0.72 0.95 0.66 0.61 0.09 0.48 0.28 0.44 0.18 0.59 0.02 0.09 0.57 0.01 0.66 0.71 0.01 1.00 0.43 0.77 0.45 0.60 0.77 0.67 0.48 0.54 0.47 0.32 0.04 0.72 0.58 0.95 0.06 0.53 0.18 0.37 0.74 0.50]
  [0.91 0.83 0.88 0.59 0.97 0.40 0.01 0.06 0.51 0.85 0.74 0.53 0.80 0.63 0.43 0.75 0.87 0.68 0.60 0.57 0.10 0.25 0.21 0.03 0.77 0.31 0.67 0.73 0.60 0.43 1.00 0.15 0.89 0.77 0.49 0.39 0.99 0.22 0.89 0.14 0.21 0.51 0.49 0.16 0.81 0.93 0.08 0.14 0.15 0.62]
  [0.23 0.48 0.17 0.07 1.00 0.33 0.68 0.78 0.88 0.71 0.20 0.15 0.76 0.94 0.01 0.08 0.58 0.87 0.67 0.55 0.95 0.74 0.41 0.70 0.13 0.91 0.88 0.84 0.08 0.77 0.15 1.00 0.69 0.23 0.26 0.90 0.71 0.09 0.28 0.16 0.74 0.57 0.57 0.61 0.76 0.93 0.17 0.25 0.91 0.75]
  [0.08 0.65 0.24 0.33 0.54 0.37 0.69 0.81 0.42 0.22 0.65 0.67 0.41 0.29 0.63 0.00 0.44 0.62 0.13 0.56 0.05 0.79 0.98 0.04 0.76 0.87 0.09 0.44 0.20 0.45 0.89 0.69 1.00 0.66 0.53 0.07 0.89 0.88 0.48 0.85 0.41 0.65 0.63 0.58 0.77 0.56 0.27 0.29 0.44 0.03]
  [0.63 0.94 0.52 0.07 0.82 0.44 0.91 0.14 0.50 0.50 0.39 0.69 0.99 0.38 0.17 0.04 0.62 0.73 0.76 0.08 0.60 0.20 0.02 0.45 0.01 0.03 0.03 0.38 0.76 0.60 0.77 0.23 0.66 1.00 0.07 0.74 0.65 0.84 0.93 0.22 0.90 0.98 0.63 0.59 0.63 0.72 0.84 0.86 0.11 0.73]
  [0.11 0.64 0.13 0.65 0.10 0.68 0.87 0.12 0.96 0.13 0.44 0.11 0.43 0.46 0.91 0.47 0.09 0.38 0.85 0.58 0.37 0.88 0.83 0.14 0.06 0.74 0.17 0.45 0.51 0.77 0.49 0.26 0.53 0.07 1.00 0.62 0.03 0.97 0.86 0.30 0.56 0.85 0.52 0.95 0.50 0.52 0.69 0.81 0.16 0.76]
  [0.05 0.91 0.98 0.09 0.72 0.84 0.20 0.87 0.68 0.86 0.10 0.65 0.16 0.35 0.09 0.96 0.81 0.99 0.95 0.67 0.21 0.50 0.42 0.25 0.03 0.78 0.60 0.86 0.35 0.67 0.39 0.90 0.07 0.74 0.62 1.00 0.66 0.54 0.41 0.53 0.83 0.39 0.99 0.86 0.20 0.13 0.21 0.38 0.48 0.69]
  [0.77 0.64 0.17 0.63 0.59 0.12 0.03 0.23 0.40 0.89 0.74 0.43 0.33 0.24 0.76 0.66 0.82 0.36 0.49 0.57 0.22 0.06 0.49 0.15 0.84 0.73 0.85 0.49 0.68 0.48 0.99 0.71 0.89 0.65 0.03 0.66 1.00 0.66 0.60 0.60 0.79 0.23 0.08 0.28 0.16 0.87 0.67 0.55 1.00 0.60]
  [0.04 0.41 0.52 0.15 0.80 0.36 0.08 0.14 0.46 0.35 0.63 0.26 0.43 0.01 0.68 0.15 0.77 0.15 0.99 0.68 0.79 0.24 0.22 0.43 0.05 0.15 0.15 0.89 0.43 0.54 0.22 0.09 0.88 0.84 0.97 0.54 0.66 1.00 0.36 0.09 0.61 0.47 0.72 0.40 0.04 0.70 0.67 0.38 0.25 0.01]
  [0.98 0.33 0.48 0.56 0.64 0.71 0.34 0.91 0.95 0.65 0.22 0.66 0.81 0.50 0.28 0.20 0.06 0.38 0.81 0.24 0.79 0.53 0.96 0.62 0.47 0.91 0.07 0.81 0.74 0.47 0.89 0.28 0.48 0.93 0.86 0.41 0.60 0.36 1.00 0.92 0.39 0.45 0.78 0.70 0.14 0.43 0.57 0.22 0.85 0.79]
  [0.07 0.82 0.09 0.45 0.39 0.77 0.96 0.08 0.89 0.72 0.50 0.36 0.12 0.16 0.01 0.24 0.24 0.80 0.67 0.07 0.41 0.52 0.67 0.24 0.08 0.68 0.68 0.82 0.75 0.32 0.14 0.16 0.85 0.22 0.30 0.53 0.60 0.09 0.92 1.00 0.37 0.13 0.37 0.19 0.01 1.00 0.18 0.16 0.85 0.35]
  [0.01 0.52 0.29 0.21 0.48 0.61 0.87 0.69 0.38 0.53 0.73 0.87 0.51 0.42 0.94 0.18 0.79 0.97 0.04 0.31 0.23 0.62 0.68 0.98 0.28 0.55 0.75 0.85 0.50 0.04 0.21 0.74 0.41 0.90 0.56 0.83 0.79 0.61 0.39 0.37 1.00 0.26 0.08 0.48 0.43 0.20 0.90 0.93 0.65 0.24]
  [0.90 0.86 0.35 0.59 0.67 0.88 0.59 0.09 0.25 0.12 0.78 0.28 0.25 0.20 0.83 0.15 0.59 0.97 0.57 0.38 0.71 0.21 0.03 0.45 0.51 0.70 0.95 0.07 0.23 0.72 0.51 0.57 0.65 0.98 0.85 0.39 0.23 0.47 0.45 0.13 0.26 1.00 0.46 0.26 0.03 0.14 0.62 0.07 0.33 0.73]
  [0.87 0.89 0.71 0.61 0.46 0.16 0.58 0.18 0.15 0.61 0.99 0.81 0.55 0.43 0.63 0.58 0.72 0.57 0.58 0.63 0.90 0.91 0.47 0.42 0.82 0.67 0.28 0.52 0.24 0.58 0.49 0.57 0.63 0.63 0.52 0.99 0.08 0.72 0.78 0.37 0.08 0.46 1.00 0.78 0.15 0.49 0.76 0.00 0.27 0.42]
  [0.45 0.82 0.86 0.33 0.31 0.45 0.49 0.81 0.02 0.52 0.30 0.74 0.37 0.05 0.39 0.37 0.43 0.10 0.07 0.42 0.54 0.03 0.97 0.91 0.76 0.80 0.60 0.65 0.76 0.95 0.16 0.61 0.58 0.59 0.95 0.86 0.28 0.40 0.70 0.19 0.48 0.26 0.78 1.00 0.31 0.49 0.77 0.17 0.21 0.00]
  [0.98 0.10 0.81 0.75 0.10 0.58 0.68 0.48 0.21 0.96 0.21 0.52 0.59 0.60 0.25 0.28 0.53 0.62 0.50 0.89 0.11 0.17 0.89 0.59 0.20 0.98 0.12 0.48 0.30 0.06 0.81 0.76 0.77 0.63 0.50 0.20 0.16 0.04 0.14 0.01 0.43 0.03 0.15 0.31 1.00 0.35 0.22 0.36 0.17 0.00]
  [0.17 0.34 0.23 0.47 0.24 0.45 0.25 0.69 0.37 0.64 1.00 0.80 0.31 0.52 0.97 0.69 0.59 0.89 0.37 0.62 0.51 0.71 0.30 0.53 0.80 0.10 0.65 0.82 0.70 0.53 0.93 0.93 0.56 0.72 0.52 0.13 0.87 0.70 0.43 1.00 0.20 0.14 0.49 0.49 0.35 1.00 0.07 0.25 0.82 0.68]
  [0.33 0.49 0.18 0.30 0.30 0.13 0.67 0.00 0.25 0.68 0.18 0.27 0.38 0.34 0.04 0.31 0.18 0.25 0.85 0.88 0.49 0.85 0.07 0.77 0.64 0.76 0.13 0.25 0.85 0.18 0.08 0.17 0.27 0.84 0.69 0.21 0.67 0.67 0.57 0.18 0.90 0.62 0.76 0.77 0.22 0.07 1.00 0.44 0.88 0.28]
  [0.72 0.01 0.78 0.22 0.33 0.63 0.24 0.12 0.73 0.30 0.61 0.73 0.55 0.51 0.70 0.67 0.46 0.76 1.00 0.44 0.42 0.54 0.76 0.87 0.31 0.61 0.99 0.60 0.30 0.37 0.14 0.25 0.29 0.86 0.81 0.38 0.55 0.38 0.22 0.16 0.93 0.07 0.00 0.17 0.36 0.25 0.44 1.00 0.00 0.97]
  [0.50 0.45 0.75 0.29 0.68 0.46 0.07 0.31 0.51 0.16 0.28 0.48 0.50 0.92 0.24 0.68 0.89 0.52 0.64 0.66 0.46 0.60 0.38 0.24 0.34 0.69 0.60 0.02 0.33 0.74 0.15 0.91 0.44 0.11 0.16 0.48 1.00 0.25 0.85 0.85 0.65 0.33 0.27 0.21 0.17 0.82 0.88 0.00 1.00 0.73]
  [0.38 0.09 0.65 0.49 0.47 0.45 0.98 0.69 0.28 0.27 0.14 0.18 0.03 0.67 0.78 0.59 0.90 0.65 0.25 0.29 0.88 0.56 0.75 0.00 0.89 0.80 0.96 0.19 0.17 0.50 0.62 0.75 0.03 0.73 0.76 0.69 0.60 0.01 0.79 0.35 0.24 0.73 0.42 0.00 0.00 0.68 0.28 0.97 0.73 1.00]
];
