D = 3;
n = [7 4 11];
N = 50;
d = [3 3 1 1 3 2 1 3 3 3 1 3 1 1 3 3 3 1 3 2 2 2 3 3 1 1 3 3 1 1 3 1 1 2 3 2 3 3 3 3 3 3 3 2 1 1 3 2 1 2];
m = [
  [1.00 0.23 0.29 0.08 0.14 0.43 0.23 0.36 0.39 0.76 0.52 0.65 0.23 0.74 0.81 0.01 0.25 0.85 0.29 0.64 0.75 0.52 0.42 0.61 0.61 0.13 0.12 0.99 0.86 0.25 0.94 0.16 0.95 0.94 0.74 0.87 0.69 0.22 0.20 0.62 0.44 0.48 0.72 0.78 0.19 0.06 0.45 0.67 0.40 0.84]
  [0.23 1.00 0.29 0.72 0.16 0.98 0.84 0.67 0.65 0.58 0.39 0.57 0.84 0.27 0.43 0.11 0.80 1.00 0.52 0.85 0.07 0.49 0.37 0.50 0.97 0.74 0.25 0.40 0.00 0.45 0.13 0.04 0.18 0.53 0.11 0.73 0.20 0.83 0.83 0.97 0.05 0.27 0.74 0.31 0.55 0.05 0.26 0.00 0.79 0.86]
  [0.29 0.29 1.00 0.21 0.10 0.02 0.25 0.51 0.59 0.31 0.24 0.55 0.96 0.93 0.21 0.25 0.78 0.68 0.09 0.57 0.30 0.71 0.27 0.80 0.23 0.44 0.40 0.99 0.71 0.87 0.27 0.61 0.55 0.56 0.59 0.17 0.47 0.16 0.90 0.56 0.65 0.28 0.36 0.41 0.18 0.67 0.95 0.49 0.48 0.37]
  [0.08 0.72 0.21 1.00 0.89 0.19 0.21 0.69 0.36 0.88 0.79 0.07 0.78 0.88 0.82 0.12 0.43 0.64 0.98 0.97 0.79 0.67 0.74 0.22 0.07 0.87 0.12 0.69 0.92 0.61 0.57 0.03 1.00 0.48 0.86 0.38 0.76 0.07 0.42 0.77 0.98 0.72 0.11 0.66 0.12 0.47 0.61 0.88 0.63 0.18]
  [0.14 0.16 0.10 0.89 1.00 0.67 0.17 0.96 0.55 0.15 0.37 0.85 0.47 0.20 0.58 0.41 0.78 0.20 0.83 0.80 0.84 0.50 0.74 0.25 0.89 0.56 0.77 0.25 0.88 0.55 0.60 0.07 0.22 0.51 0.44 0.45 0.16 0.12 0.91 0.23 0.42 0.25 0.80 0.22 0.00 0.62 0.32 0.81 0.33 0.71]
  [0.43 0.98 0.02 0.19 0.67 1.00 0.42 0.16 0.64 0.65 0.10 0.47 0.12 0.70 0.54 0.92 0.21 0.77 0.04 0.77 0.55 0.95 0.44 0.35 0.52 0.38 0.20 0.06 0.40 0.21 0.85 0.75 0.07 0.25 0.76 0.27 0.22 0.67 0.53 0.70 0.08 0.02 0.24 0.03 0.71 0.85 0.22 0.22 0.33 0.96]
  [0.23 0.84 0.25 0.21 0.17 0.42 1.00 0.81 0.37 0.72 0.77 0.50 0.04 0.67 0.57 0.08 0.76 0.85 0.22 0.29 0.63 0.30 0.60 0.37 0.37 0.83 0.50 0.11 0.52 0.07 0.05 0.48 0.36 0.17 1.00 0.84 0.68 0.74 0.19 0.12 0.75 0.18 0.97 0.80 0.59 0.74 0.04 0.32 0.61 0.89]
  [0.36 0.67 0.51 0.69 0.96 0.16 0.81 1.00 0.70 0.33 0.32 0.33 0.54 0.88 0.19 0.03 0.20 0.54 0.54 0.59 0.47 0.52 0.81 0.29 0.00 0.81 0.14 0.28 0.38 0.73 0.78 0.28 0.17 0.31 0.68 0.41 0.87 0.46 0.96 0.69 0.50 0.23 0.43 0.56 0.02 0.67 0.02 0.14 0.17 0.02]
  [0.39 0.65 0.59 0.36 0.55 0.64 0.37 0.70 1.00 0.92 0.65 0.38 0.93 0.29 0.13 0.94 0.38 0.53 0.72 0.49 0.54 0.01 0.35 0.71 0.41 0.66 0.45 0.70 0.05 0.30 0.41 0.56 0.16 0.64 0.56 0.60 0.43 0.95 0.47 0.79 0.34 0.24 0.73 0.37 0.57 0.55 0.18 0.71 0.55 0.45]
  [0.76 0.58 0.31 0.88 0.15 0.65 0.72 0.33 0.92 1.00 0.49 0.31 0.95 0.58 0.58 0.37 0.64 0.56 0.88 0.45 0.57 0.14 0.57 0.79 0.72 0.55 0.41 0.69 0.50 0.46 0.12 0.66 0.56 0.55 0.95 0.95 0.58 0.66 0.53 0.99 0.56 0.12 0.71 0.05 0.12 0.65 0.13 0.19 0.62 0.49]
  [0.52 0.39 0.24 0.79 0.37 0.10 0.77 0.32 0.65 0.49 1.00 0.28 0.27 0.34 0.20 0.97 0.19 0.12 0.22 0.25 0.06 0.62 0.06 0.72 0.45 0.64 0.96 0.24 0.82 0.18 0.09 0.61 0.21 0.08 0.24 0.57 0.87 0.95 0.91 0.20 0.41 0.33 0.04 0.74 0.47 0.28 0.49 0.04 0.45 0.84]
  [0.65 0.57 0.55 0.07 0.85 0.47 0.50 0.33 0.38 0.31 0.28 1.00 0.52 0.03 0.07 0.22 0.45 0.70 0.89 0.23 0.58 0.01 0.88 0.00 0.43 0.10 0.12 0.96 0.89 0.98 0.39 0.80 0.64 0.98 0.81 0.98 0.97 0.43 0.43 0.37 0.90 0.99 0.63 0.35 0.16 0.46 0.38 0.90 0.83 0.95]
  [0.23 0.84 0.96 0.78 0.47 0.12 0.04 0.54 0.93 0.95 0.27 0.52 1.00 0.77 0.50 0.41 0.28 0.99 0.75 0.71 0.66 0.98 0.22 0.30 0.40 0.21 0.75 0.44 0.28 0.82 0.25 0.17 0.36 0.35 0.96 0.66 0.79 0.58 0.04 0.93 0.81 0.50 0.30 0.01 0.70 0.50 0.16 0.24 0.41 0.86]
  [0.74 0.27 0.93 0.88 0.20 0.70 0.67 0.88 0.29 0.58 0.34 0.03 0.77 1.00 0.88 0.40 0.02 0.51 0.32 0.68 0.69 0.22 0.71 0.30 0.97 0.06 0.58 0.48 0.61 0.33 0.95 0.12 0.61 0.49 0.34 0.65 0.57 0.80 0.62 0.95 0.35 0.01 0.13 0.24 0.04 0.15 0.82 0.44 0.55 0.47]
  [0.81 0.43 0.21 0.82 0.58 0.54 0.57 0.19 0.13 0.58 0.20 0.07 0.50 0.88 1.00 0.23 0.81 0.73 0.52 0.94 0.59 0.85 0.80 0.22 0.48 0.91 0.89 0.41 0.06 0.36 0.16 0.73 0.91 0.82 0.45 0.64 0.08 0.43 0.84 0.12 0.74 0.39 0.62 0.56 0.15 0.22 0.76 0.77 0.48 0.09]
  [0.01 0.11 0.25 0.12 0.41 0.92 0.08 0.03 0.94 0.37 0.97 0.22 0.41 0.40 0.23 1.00 0.22 0.36 0.67 0.39 0.56 0.72 0.51 0.53 0.49 0.34 0.05 0.89 0.73 0.34 0.98 0.26 0.18 0.59 0.23 0.93 0.39 0.67 0.96 0.10 0.50 0.32 0.63 0.53 0.84 0.54 0.90 0.41 0.34 0.94]
  [0.25 0.80 0.78 0.43 0.78 0.21 0.76 0.20 0.38 0.64 0.19 0.45 0.28 0.02 0.81 0.22 1.00 0.42 0.48 0.65 0.97 0.07 0.27 0.50 0.52 0.38 0.22 0.55 0.10 0.90 0.47 0.98 0.73 0.91 0.09 0.26 0.83 0.94 0.86 0.57 0.93 0.72 0.09 0.90 0.75 0.92 0.78 0.58 0.40 0.14]
  [0.85 1.00 0.68 0.64 0.20 0.77 0.85 0.54 0.53 0.56 0.12 0.70 0.99 0.51 0.73 0.36 0.42 1.00 0.23 0.26 0.62 0.83 0.55 0.83 0.24 1.00 0.26 0.21 0.32 0.64 0.99 0.78 1.00 0.61 0.89 0.45 0.11 0.39 0.80 0.67 0.12 0.41 0.78 0.86 0.38 0.76 0.96 0.84 0.33 0.67]
  [0.29 0.52 0.09 0.98 0.83 0.04 0.22 0.54 0.72 0.88 0.22 0.89 0.75 0.32 0.52 0.67 0.48 0.23 1.00 0.56 0.99 0.02 0.85 0.94 0.84 0.26 0.52 0.32 0.24 0.32 0.70 0.35 0.72 0.34 0.10 0.09 0.62 0.47 0.77 0.36 0.51 0.32 0.22 0.48 0.63 0.30 0.57 0.53 0.31 0.37]
  [0.64 0.85 0.57 0.97 0.80 0.77 0.29 0.59 0.49 0.45 0.25 0.23 0.71 0.68 0.94 0.39 0.65 0.26 0.56 1.00 0.22 0.64 0.63 0.63 0.93 0.19 0.55 0.52 0.35 0.50 0.12 0.98 0.58 0.34 0.13 0.02 0.30 0.91 0.18 0.17 0.77 0.66 0.33 0.64 0.32 0.77 0.24 0.64 0.15 0.78]
  [0.75 0.07 0.30 0.79 0.84 0.55 0.63 0.47 0.54 0.57 0.06 0.58 0.66 0.69 0.59 0.56 0.97 0.62 0.99 0.22 1.00 0.10 0.15 0.29 0.81 0.10 0.54 0.72 0.19 0.69 0.24 0.58 0.75 0.45 0.66 0.47 0.33 0.53 0.70 0.48 0.93 0.80 0.50 0.94 0.24 0.17 0.59 0.09 0.02 0.15]
  [0.52 0.49 0.71 0.67 0.50 0.95 0.30 0.52 0.01 0.14 0.62 0.01 0.98 0.22 0.85 0.72 0.07 0.83 0.02 0.64 0.10 1.00 0.07 0.80 0.60 0.91 0.84 0.58 0.94 0.15 0.66 0.68 0.19 0.57 0.63 0.38 0.75 0.23 0.92 0.59 0.25 0.28 0.25 0.42 0.66 0.67 0.16 0.14 0.98 0.01]
  [0.42 0.37 0.27 0.74 0.74 0.44 0.60 0.81 0.35 0.57 0.06 0.88 0.22 0.71 0.80 0.51 0.27 0.55 0.85 0.63 0.15 0.07 1.00 0.63 0.54 0.06 0.40 0.37 0.95 0.73 0.71 0.50 0.65 0.26 0.48 0.91 0.16 0.89 0.81 0.71 0.04 0.84 0.09 0.22 0.68 0.42 0.28 0.45 0.95 0.85]
  [0.61 0.50 0.80 0.22 0.25 0.35 0.37 0.29 0.71 0.79 0.72 0.00 0.30 0.30 0.22 0.53 0.50 0.83 0.94 0.63 0.29 0.80 0.63 1.00 0.95 0.59 0.33 0.72 0.82 0.32 0.16 0.87 0.44 0.79 0.65 0.20 0.91 0.23 0.52 0.87 0.47 0.77 0.34 0.30 0.44 0.95 0.04 0.37 0.50 0.47]
  [0.61 0.97 0.23 0.07 0.89 0.52 0.37 0.00 0.41 0.72 0.45 0.43 0.40 0.97 0.48 0.49 0.52 0.24 0.84 0.93 0.81 0.60 0.54 0.95 1.00 0.10 0.81 0.05 0.79 0.41 0.24 0.11 0.70 0.33 0.22 0.58 0.31 0.24 0.40 0.01 0.70 0.87 0.66 0.05 0.79 0.64 0.94 0.46 0.45 0.62]
  [0.13 0.74 0.44 0.87 0.56 0.38 0.83 0.81 0.66 0.55 0.64 0.10 0.21 0.06 0.91 0.34 0.38 1.00 0.26 0.19 0.10 0.91 0.06 0.59 0.10 1.00 0.76 0.81 0.91 0.91 0.83 0.32 0.92 0.31 0.65 0.24 0.04 0.11 0.98 0.94 0.40 0.62 0.72 0.48 0.26 0.94 0.51 0.18 0.69 0.48]
  [0.12 0.25 0.40 0.12 0.77 0.20 0.50 0.14 0.45 0.41 0.96 0.12 0.75 0.58 0.89 0.05 0.22 0.26 0.52 0.55 0.54 0.84 0.40 0.33 0.81 0.76 1.00 0.41 0.69 0.34 0.98 0.43 0.93 0.22 0.02 0.61 0.28 0.41 0.83 0.34 0.18 0.48 0.44 0.61 0.22 0.67 0.20 0.09 0.56 0.27]
  [0.99 0.40 0.99 0.69 0.25 0.06 0.11 0.28 0.70 0.69 0.24 0.96 0.44 0.48 0.41 0.89 0.55 0.21 0.32 0.52 0.72 0.58 0.37 0.72 0.05 0.81 0.41 1.00 0.23 0.33 0.17 0.70 0.81 0.76 0.76 0.26 0.48 0.37 0.61 0.43 0.15 0.62 0.29 0.48 0.76 0.32 0.47 0.31 0.51 0.13]
  [0.86 0.00 0.71 0.92 0.88 0.40 0.52 0.38 0.05 0.50 0.82 0.89 0.28 0.61 0.06 0.73 0.10 0.32 0.24 0.35 0.19 0.94 0.95 0.82 0.79 0.91 0.69 0.23 1.00 0.23 0.83 0.13 0.82 0.62 0.50 0.92 0.88 0.41 0.90 0.60 0.65 0.13 0.08 0.91 0.85 0.96 0.09 0.65 0.78 0.77]
  [0.25 0.45 0.87 0.61 0.55 0.21 0.07 0.73 0.30 0.46 0.18 0.98 0.82 0.33 0.36 0.34 0.90 0.64 0.32 0.50 0.69 0.15 0.73 0.32 0.41 0.91 0.34 0.33 0.23 1.00 0.59 0.59 0.71 0.28 0.21 0.11 0.09 0.62 0.39 0.19 0.37 0.26 0.76 0.73 0.53 0.89 0.06 0.41 0.65 0.03]
  [0.94 0.13 0.27 0.57 0.60 0.85 0.05 0.78 0.41 0.12 0.09 0.39 0.25 0.95 0.16 0.98 0.47 0.99 0.70 0.12 0.24 0.66 0.71 0.16 0.24 0.83 0.98 0.17 0.83 0.59 1.00 0.31 0.94 0.51 0.79 0.20 0.19 0.67 0.27 0.54 0.39 0.05 0.39 0.93 0.47 0.96 0.33 0.03 0.19 0.87]
  [0.16 0.04 0.61 0.03 0.07 0.75 0.48 0.28 0.56 0.66 0.61 0.80 0.17 0.12 0.73 0.26 0.98 0.78 0.35 0.98 0.58 0.68 0.50 0.87 0.11 0.32 0.43 0.70 0.13 0.59 0.31 1.00 0.62 0.11 0.10 0.85 0.04 0.77 0.64 0.57 0.01 0.50 0.18 0.71 0.59 0.93 0.84 0.47 0.43 0.97]
  [0.95 0.18 0.55 1.00 0.22 0.07 0.36 0.17 0.16 0.56 0.21 0.64 0.36 0.61 0.91 0.18 0.73 1.00 0.72 0.58 0.75 0.19 0.65 0.44 0.70 0.92 0.93 0.81 0.82 0.71 0.94 0.62 1.00 0.99 0.97 0.53 0.32 0.76 0.50 0.10 0.68 0.39 0.23 0.85 0.40 0.75 0.09 0.34 0.81 0.82]
  [0.94 0.53 0.56 0.48 0.51 0.25 0.17 0.31 0.64 0.55 0.08 0.98 0.35 0.49 0.82 0.59 0.91 0.61 0.34 0.34 0.45 0.57 0.26 0.79 0.33 0.31 0.22 0.76 0.62 0.28 0.51 0.11 0.99 1.00 0.67 0.34 0.21 0.72 0.60 0.46 0.95 0.76 0.18 0.81 0.89 0.32 0.44 0.55 0.66 0.44]
  [0.74 0.11 0.59 0.86 0.44 0.76 1.00 0.68 0.56 0.95 0.24 0.81 0.96 0.34 0.45 0.23 0.09 0.89 0.10 0.13 0.66 0.63 0.48 0.65 0.22 0.65 0.02 0.76 0.50 0.21 0.79 0.10 0.97 0.67 1.00 0.02 0.22 0.36 0.45 0.41 0.62 0.03 0.72 0.65 0.32 0.08 0.09 0.28 0.49 0.24]
  [0.87 0.73 0.17 0.38 0.45 0.27 0.84 0.41 0.60 0.95 0.57 0.98 0.66 0.65 0.64 0.93 0.26 0.45 0.09 0.02 0.47 0.38 0.91 0.20 0.58 0.24 0.61 0.26 0.92 0.11 0.20 0.85 0.53 0.34 0.02 1.00 0.05 0.05 0.57 0.11 0.68 0.20 0.85 0.05 0.96 0.42 0.49 0.20 0.74 0.03]
  [0.69 0.20 0.47 0.76 0.16 0.22 0.68 0.87 0.43 0.58 0.87 0.97 0.79 0.57 0.08 0.39 0.83 0.11 0.62 0.30 0.33 0.75 0.16 0.91 0.31 0.04 0.28 0.48 0.88 0.09 0.19 0.04 0.32 0.21 0.22 0.05 1.00 0.21 0.28 0.83 0.94 0.53 0.55 0.00 0.66 0.04 0.49 0.48 0.74 0.12]
  [0.22 0.83 0.16 0.07 0.12 0.67 0.74 0.46 0.95 0.66 0.95 0.43 0.58 0.80 0.43 0.67 0.94 0.39 0.47 0.91 0.53 0.23 0.89 0.23 0.24 0.11 0.41 0.37 0.41 0.62 0.67 0.77 0.76 0.72 0.36 0.05 0.21 1.00 0.95 0.02 0.47 0.22 0.82 0.14 0.34 0.88 0.66 0.96 0.22 0.16]
  [0.20 0.83 0.90 0.42 0.91 0.53 0.19 0.96 0.47 0.53 0.91 0.43 0.04 0.62 0.84 0.96 0.86 0.80 0.77 0.18 0.70 0.92 0.81 0.52 0.40 0.98 0.83 0.61 0.90 0.39 0.27 0.64 0.50 0.60 0.45 0.57 0.28 0.95 1.00 0.94 0.83 0.75 0.79 0.74 0.33 0.12 0.81 0.37 0.62 0.96]
  [0.62 0.97 0.56 0.77 0.23 0.70 0.12 0.69 0.79 0.99 0.20 0.37 0.93 0.95 0.12 0.10 0.57 0.67 0.36 0.17 0.48 0.59 0.71 0.87 0.01 0.94 0.34 0.43 0.60 0.19 0.54 0.57 0.10 0.46 0.41 0.11 0.83 0.02 0.94 1.00 0.10 0.83 0.19 0.99 0.16 0.57 0.52 0.55 0.73 0.14]
  [0.44 0.05 0.65 0.98 0.42 0.08 0.75 0.50 0.34 0.56 0.41 0.90 0.81 0.35 0.74 0.50 0.93 0.12 0.51 0.77 0.93 0.25 0.04 0.47 0.70 0.40 0.18 0.15 0.65 0.37 0.39 0.01 0.68 0.95 0.62 0.68 0.94 0.47 0.83 0.10 1.00 0.03 0.31 0.64 0.94 0.71 0.98 0.85 0.46 0.05]
  [0.48 0.27 0.28 0.72 0.25 0.02 0.18 0.23 0.24 0.12 0.33 0.99 0.50 0.01 0.39 0.32 0.72 0.41 0.32 0.66 0.80 0.28 0.84 0.77 0.87 0.62 0.48 0.62 0.13 0.26 0.05 0.50 0.39 0.76 0.03 0.20 0.53 0.22 0.75 0.83 0.03 1.00 0.99 0.68 0.77 0.36 0.02 0.83 0.78 0.60]
  [0.72 0.74 0.36 0.11 0.80 0.24 0.97 0.43 0.73 0.71 0.04 0.63 0.30 0.13 0.62 0.63 0.09 0.78 0.22 0.33 0.50 0.25 0.09 0.34 0.66 0.72 0.44 0.29 0.08 0.76 0.39 0.18 0.23 0.18 0.72 0.85 0.55 0.82 0.79 0.19 0.31 0.99 1.00 0.44 0.65 0.43 0.05 0.19 0.50 0.36]
  [0.78 0.31 0.41 0.66 0.22 0.03 0.80 0.56 0.37 0.05 0.74 0.35 0.01 0.24 0.56 0.53 0.90 0.86 0.48 0.64 0.94 0.42 0.22 0.30 0.05 0.48 0.61 0.48 0.91 0.73 0.93 0.71 0.85 0.81 0.65 0.05 0.00 0.14 0.74 0.99 0.64 0.68 0.44 1.00 0.20 0.76 0.58 0.52 0.21 0.82]
  [0.19 0.55 0.18 0.12 0.00 0.71 0.59 0.02 0.57 0.12 0.47 0.16 0.70 0.04 0.15 0.84 0.75 0.38 0.63 0.32 0.24 0.66 0.68 0.44 0.79 0.26 0.22 0.76 0.85 0.53 0.47 0.59 0.40 0.89 0.32 0.96 0.66 0.34 0.33 0.16 0.94 0.77 0.65 0.20 1.00 0.58 0.73 0.18 0.56 0.43]
  [0.06 0.05 0.67 0.47 0.62 0.85 0.74 0.67 0.55 0.65 0.28 0.46 0.50 0.15 0.22 0.54 0.92 0.76 0.30 0.77 0.17 0.67 0.42 0.95 0.64 0.94 0.67 0.32 0.96 0.89 0.96 0.93 0.75 0.32 0.08 0.42 0.04 0.88 0.12 0.57 0.71 0.36 0.43 0.76 0.58 1.00 0.48 0.21 0.01 0.17]
  [0.45 0.26 0.95 0.61 0.32 0.22 0.04 0.02 0.18 0.13 0.49 0.38 0.16 0.82 0.76 0.90 0.78 0.96 0.57 0.24 0.59 0.16 0.28 0.04 0.94 0.51 0.20 0.47 0.09 0.06 0.33 0.84 0.09 0.44 0.09 0.49 0.49 0.66 0.81 0.52 0.98 0.02 0.05 0.58 0.73 0.48 1.00 0.50 0.95 0.11]
  [0.67 0.00 0.49 0.88 0.81 0.22 0.32 0.14 0.71 0.19 0.04 0.90 0.24 0.44 0.77 0.41 0.58 0.84 0.53 0.64 0.09 0.14 0.45 0.37 0.46 0.18 0.09 0.31 0.65 0.41 0.03 0.47 0.34 0.55 0.28 0.20 0.48 0.96 0.37 0.55 0.85 0.83 0.19 0.52 0.18 0.21 0.50 1.00 0.82 0.46]
  [0.40 0.79 0.48 0.63 0.33 0.33 0.61 0.17 0.55 0.62 0.45 0.83 0.41 0.55 0.48 0.34 0.40 0.33 0.31 0.15 0.02 0.98 0.95 0.50 0.45 0.69 0.56 0.51 0.78 0.65 0.19 0.43 0.81 0.66 0.49 0.74 0.74 0.22 0.62 0.73 0.46 0.78 0.50 0.21 0.56 0.01 0.95 0.82 1.00 0.16]
  [0.84 0.86 0.37 0.18 0.71 0.96 0.89 0.02 0.45 0.49 0.84 0.95 0.86 0.47 0.09 0.94 0.14 0.67 0.37 0.78 0.15 0.01 0.85 0.47 0.62 0.48 0.27 0.13 0.77 0.03 0.87 0.97 0.82 0.44 0.24 0.03 0.12 0.16 0.96 0.14 0.05 0.60 0.36 0.82 0.43 0.17 0.11 0.46 0.16 1.00]
];
